1 250
500
497
494
496
495
490
498
495
499
499
495
493
490
493
498
492
490
493
497
493
493
496
498
498
494
496
493
495
493
499
497
492
495
493
499
495
492
496
498
497
493
497
491
495
491
499
497
492
494
495
494
495
495
499
492
490
498
496
492
498
496
493
491
490
491
493
498
496
494
492
490
494
495
490
499
496
494
492
496
494
498
491
491
498
495
491
496
496
490
498
497
496
493
490
490
490
495
491
494
498
491
490
497
491
495
499
490
495
499
496
495
495
499
497
499
494
492
493
495
490
496
492
496
495
495
493
491
494
499
499
491
493
498
498
493
497
493
499
493
495
490
491
496
494
493
491
496
495
490
495
498
491
495
494
491
498
494
492
495
491
498
495
495
499
495
491
497
491
494
492
491
492
490
490
499
494
495
491
492
494
497
495
494
494
491
499
498
494
496
494
492
491
493
492
496
494
496
496
499
491
494
495
491
497
494
495
491
495
494
497
493
493
490
491
493
493
491
491
498
496
493
492
495
499
499
490
498
498
493
494
498
498
492
490
499
492
493
497
499
495
497
493
499
499
491
499
490
492
498
493
493
